3
4
2
2
3
141
14
61
92
52
92
98
35
108
67
115
57
85
95
103
56
144
30
92
83
32
19
103
112
73
171
97
80
121
111
119
86
96
77
100
109
95
25
106
100
89
89
93
159
76
69
109
145
130
140
76
94
88
145
80
142
117
76
129
76
74
60
138
132
59
81
30
96
102
69
125
117
99
103
37
88
88
87
175
90
113
114
91
73
36
95
108
89
103
101
105
153
122
111
18
159
97
68
71
29
129
45
64
103
101
142
126
68
131
104
120
141
120
173
86
56
143
65
77
98
102
99
123
131
169
154
56
79
50
59
77
29
84
80
98
145
122
141
81
72
99
34
104
81
82
101
101
141
99
35
25
122
70
69
12
80
102
95
105
99
114
29
114
62
108
114
36
79
26
27
74
123
5
127
75
92
119
107
159
113
108
121
142
146
95
95
67
149
73
157
113
44
82
112
52
